0,1,2,3,6

take elements out from index 1 until we can't -->

0,2,3,6
0,3,6

take elements out from index 2 until we can't -->

0,1,3,6

take elements out from index 3 until we can't -->





> (0), 1, 4, 5, 6, 7, 10, 11, 12, 15, 16, 19, (22)
> (0), 1, 4, 6, 7, 10, 11, 12, 15, 16, 19, (22)
  (0), 1, 4, 6, 7, 10, 12, 15, 16, 19, (22)
  (0), 1, 4, 5, 7, 10, 12, 15, 16, 19, (22)
> (0), 1, 4, 5, 7, 10, 11, 12, 15, 16, 19, (22)
> (0), 1, 4, 7, 10, 11, 12, 15, 16, 19, (22)
  (0), 1, 4, 7, 10, 12, 15, 16, 19, (22)
> (0), 1, 4, 5, 6, 7, 10, 12, 15, 16, 19, (22)



(0), 1, 4, 5, 6, 7, 10, 11, 12, 15, 16, 19, (22)
(0), 1, 4, 6, 7, 10, 11, 12, 15, 16, 19, (22)
(0), 1, 4, 7, 10, 11, 12, 15, 16, 19, (22)
(0), 1, 4, 5, 7, 10, 11, 12, 15, 16, 19, (22)
(0), 1, 4, 5, 6, 7, 10, 12, 15, 16, 19, (22)
